Sheet Ratio：1.0
Min Width：10
Min Space：10

Start Teeth:
1. (73919.1,-167900.7) (74047.3,-167900.7)
2. (74066.2,-167900.7) (74350.7,-167900.7)
3. (74366.2,-167920.7) (74425.7,-167920.7)
4. (74441.2,-167920.7) (74500.7,-167920.7)
5. (74516.2,-167940.7) (74575.7,-167940.7)
6. (74591.2,-167940.7) (74650.7,-167940.7)
7. (74666.2,-167975.7) (74725.7,-167975.7)
8. (74741.2,-168010.7) (74800.7,-168010.7)
9. (74816.2,-168045.7) (74875.7,-168045.7)
10. (74891.2,-168080.7) (74950.7,-168080.7)
11. (74977,-168115.7) (75015,-168115.7)
12. (75052,-168165.7) (75090,-168165.7)

End Teeth:
1. (90077.5,-136723.5) (90077.5,-137193)
2. (90077.5,-137233.5) (90077.5,-138213)
3. (90077.5,-138253.5) (90077.5,-138383)
4. (90077.5,-138423.5) (90077.5,-138553)
5. (90077.5,-138593.5) (90077.5,-138723)
6. (90077.5,-138763.5) (90077.5,-138893)
7. (90077.5,-138933.5) (90077.5,-139063)
8. (90077.5,-139103.5) (90077.5,-139233)
9. (90077.5,-139273.5) (90077.5,-139403)
10.(90077.5,-139443.5) (90077.5,-139573)
11.(90077.5,-139613.5) (90077.5,-139743)
12.(90077.5,-139783.5) (90077.5,-140083)

Area Polygon:
(90077.65,-136723.5)(88843.9,-136723.5)(88624,-142769.4)(88591.05,-143764.2)(88529.3,-145628.5)
(88279.3,-148565.5)(87610.3,-156421.5)(86785.3,-164669.5)(83881.3,-165183.5)(81529.3,-165598.5)
(78960.3,-166053.5)(77206.45,-166365.1)(76039.3,-166572.5)(75527,-166657.95)(73919,-166927.45)
(73919,-167937.2)(75090.1,-168219.65)(75090.1,-167339.45)(75643.3,-167355.5)(76180.3,-167766.5)
(77453.3,-167754.5)(78262.3,-168528.5)(81517.5,-168541.6)(83867.75,-168551)(86769.65,-168562.7)
(88716.3,-168570.5)(91218.3,-166061.5)(95863.25,-157874.55)(95860.1,-150018.85)(91210.1,-145627.45)
(91209.3,-143585.5)(89835.3,-142809.5)(89816.2,-140083.1)(90077.5,-140083.1)

Res.constrain:
#index  max    tol
1     120    10%
  2     55     8%
  3     380     5%
  4     380     5%
  5     380     5%
  6     380     5%
  7     380     5%
  8     380     5%
  9     390     5%
  10    390     10%
  11    450     10%
  12    230     10%
